25 114 950 31

(0,2):451
(0,3):794
(0,5):154
(0,6):794
(0,8):131
(0,16):110
(0,19):410
(0,20):299
(0,21):334
(0,22):91
(1,2):235
(1,3):235
(1,12):299
(1,14):74
(1,17):794
(1,18):686
(1,20):494
(1,21):235
(2,4):494
(2,7):266
(2,8):10
(2,10):59
(2,17):74
(2,22):59
(2,23):74
(2,24):686
(3,4):206
(3,6):371
(3,7):74
(3,8):851
(3,14):451
(3,17):26
(3,20):110
(3,21):266
(3,22):334
(3,23):26
(4,6):539
(4,9):410
(4,11):266
(4,13):739
(4,15):635
(4,18):299
(4,19):851
(4,20):739
(4,21):635
(4,22):266
(5,6):35
(5,12):371
(5,15):91
(5,22):19
(5,23):586
(5,24):74
(6,7):851
(6,8):179
(6,11):19
(6,14):10
(6,15):179
(6,20):410
(6,22):451
(6,24):539
(7,20):586
(7,23):74
(8,12):739
(8,18):10
(8,20):131
(8,21):59
(8,22):35
(8,23):35
(9,13):451
(9,14):59
(9,17):739
(9,19):179
(9,21):35
(9,24):10
(10,14):635
(10,15):410
(10,16):410
(10,17):794
(10,18):46
(10,19):451
(10,20):179
(10,21):35
(11,15):451
(11,17):266
(11,18):794
(11,19):131
(11,22):179
(12,20):266
(12,21):110
(12,23):46
(12,24):10
(13,14):635
(13,17):10
(13,21):26
(13,24):794
(14,16):586
(14,17):739
(14,19):206
(14,21):11
(14,23):266
(14,24):299
(16,17):371
(16,20):179
(16,21):59
(16,22):35
(16,24):59
(17,20):91
(17,23):635
(18,20):410
(18,22):19
(19,22):739
(20,21):10
(21,22):851
(22,23):14

170,6
138,9
122,13
113,4
223,18
151,20
185,19
127,18
126,4
98,11
156,1
48,16
14,23
124,17
207,14
158,4
94,17
106,16
218,17
43,6
7,15
212,10
208,9
29,23
220,23
165,17
223,22
166,7
133,12
175,24
20,13
