15 40 500 23

(0,2):11
(0,4):739
(0,6):74
(0,7):451
(0,8):494
(0,9):410
(0,10):635
(0,11):371
(0,14):131
(1,6):586
(1,7):635
(1,14):131
(2,6):91
(2,7):371
(2,8):131
(2,11):451
(3,5):14
(3,9):46
(3,12):334
(4,6):14
(4,11):179
(4,13):110
(5,6):10
(5,7):371
(5,8):739
(5,12):794
(5,14):206
(6,7):11
(6,8):11
(6,12):851
(6,14):110
(7,9):11
(7,11):299
(7,12):794
(7,13):494
(8,10):794
(8,12):131
(9,10):494
(10,13):334
(10,14):334

161,14
170,5
173,4
210,14
201,13
273,1
28,9
103,7
22,3
269,12
35,13
231,9
143,2
10,8
46,10
40,5
210,11
140,9
156,5
134,13
243,7
73,7
74,14
