17 53 800 21

(0,3):235
(0,4):14
(0,14):410
(1,10):635
(1,12):154
(1,14):26
(1,15):494
(1,16):11
(2,8):851
(2,13):74
(2,16):371
(3,4):635
(3,9):11
(3,10):586
(3,16):26
(4,7):91
(4,9):26
(4,12):451
(4,16):19
(5,6):739
(5,9):851
(5,12):371
(5,15):539
(5,16):179
(6,7):451
(6,8):235
(6,10):851
(6,11):739
(6,12):19
(6,13):586
(6,14):46
(6,15):299
(6,16):179
(7,9):494
(7,10):686
(7,11):794
(7,12):686
(7,14):410
(8,9):26
(8,13):586
(8,14):74
(8,15):794
(8,16):46
(9,14):539
(9,15):14
(10,11):299
(10,13):235
(10,15):410
(11,12):739
(12,14):371
(12,16):451
(13,14):154
(13,15):91

36,14
60,14
50,11
190,10
107,9
157,7
150,4
16,16
158,15
101,6
30,1
119,3
177,16
12,14
145,12
129,14
58,15
64,2
175,4
56,15
36,6
