20 70 1250 28

(0,1):299
(0,4):586
(0,7):110
(0,11):266
(0,12):539
(0,13):46
(0,16):35
(0,17):10
(0,19):110
(1,2):494
(1,4):179
(1,5):739
(1,7):154
(1,10):10
(1,12):131
(1,15):410
(1,16):131
(2,3):10
(2,5):739
(2,7):494
(2,11):266
(2,18):131
(3,4):59
(3,8):586
(3,9):131
(3,10):451
(3,11):586
(3,13):35
(3,14):179
(3,15):299
(3,16):131
(4,9):635
(4,16):11
(4,17):794
(5,8):539
(5,12):299
(5,15):11
(5,18):74
(5,19):11
(6,8):494
(6,9):131
(6,11):235
(6,15):154
(6,16):59
(7,8):851
(7,12):686
(7,14):539
(7,16):851
(8,10):179
(8,13):451
(9,16):10
(9,17):539
(10,13):410
(10,15):110
(10,16):494
(10,19):539
(11,13):851
(11,16):35
(11,18):371
(11,19):539
(12,13):35
(12,14):739
(12,16):91
(12,18):154
(13,14):91
(14,16):235
(16,17):299
(17,18):586
(17,19):91
(18,19):46

40,2
241,8
117,14
72,1
165,8
244,6
200,8
224,3
172,2
180,17
63,15
110,10
84,19
32,6
233,17
59,12
6,4
154,19
200,2
210,16
142,7
40,3
148,1
148,7
62,19
20,19
23,18
164,5
